49 56 45 17 38 51 39 
50 48 56 45 17 9 
53 38 52 56 45 55 17 
43 89 56 45 57 17 39 
38 17 39 49 57 89 16 
29 20 32 40 21 10 
34 42 41 33 30 20 32 
63 17 55 45 56 52 57 
48 56 63 17 27 61 4 
45 57 7 49 38 17 27 
42 41 33 29 20 30 34 
78 77 79 66 61 27 65 
37 39 52 55 17 9 11 
89 56 52 57 
51 39 17 27 62 28 23 
37 39 50 56 47 43 15 
34 41 42 10 21 19 
66 24 27 63 17 45 56 
89 16 83 25 22 24 66 
45 57 17 28 61 4 36 
13 10 9 17 57 7 
69 71 73 77 75 80 40 
40 79 66 3 0 2 
65 27 24 66 77 74 46 
77 66 4 0 
38 48 50 56 47 57 7 
48 55 49 57 52 56 47 
83 75 77 66 24 
38 52 56 48 55 49 7 
89 56 63 17 9 11 
80 73 82 25 22 24 27 
73 82 16 11 13 10 21 
69 2 75 46 33 41 47 
66 61 28 52 56 48 50 
63 17 56 89 43 
38 49 57 17 27 23 22 
16 89 57 17 9 8 10 
42 10 9 11 
56 52 57 89 43 15 
71 73 77 78 66 61 4 
47 56 17 9 10 34 42 
45 55 52 57 17 27 
37 39 52 28 23 22 
74 80 75 2 69 
80 75 2 74 83 43 15 
73 80 75 83 25 22 
51 38 48 55 52 57 49 
89 57 52 56 17 9 11 
54 38 49 7 56 47 43 
52 56 47 43 83 16 
